1.056708136447456, -0.13536058960159522, 1.2672842131493072, 1.0393171310424805, -0.12396609783172607, 1.310378074645996, -0.7257941961288452, -0.054535508155822754, 0.8049957156181335, 1.784, -0.12, 0.44799999999999995 
1.0566841673985223, -0.13538454494393615, 1.2674373210738834, 1.0393840670585632, -0.12398156523704529, 1.3103915452957153, -0.7257832884788513, -0.054520487785339355, 0.805012047290802, 1.784, -0.12, 0.44799999999999995 
1.0565781903928735, -0.12913650564483115, 1.2671773092489345, 1.0393827557563782, -0.123992919921875, 1.3103936314582825, -0.7258274555206299, -0.05455639213323593, 0.8049803972244263, 1.784, -0.114, 0.44799999999999995 
1.0565781903928735, -0.12913650564483115, 1.2671773092489345, 1.0393198132514954, -0.12398788332939148, 1.3104008436203003, -0.7258274555206299, -0.05455639213323593, 0.8049803972244263, 1.784, -0.114, 0.44799999999999995 
1.056571815363191, -0.12923149518498803, 1.2672842072405293, 1.0393865704536438, -0.12396526336669922, 1.3103838562965393, -0.7258071303367615, -0.054535072296857834, 0.8049962520599365, 1.784, -0.114, 0.44799999999999995 
1.0566005656303517, -0.12916417793644436, 1.2671992531121188, 1.039387285709381, -0.12399056553840637, 1.3103870749473572, -0.7258013486862183, -0.05454038083553314, 0.8049895167350769, 1.784, -0.114, 0.44799999999999995 
1.0555187779239938, -0.12518873750069726, 1.2652363258245356, 1.0393363237380981, -0.12398940324783325, 1.3103992342948914, -0.7258020043373108, -0.05453219637274742, 0.8049912452697754, 1.783, -0.11, 0.44599999999999995 
1.0564966869110481, -0.12528970569284856, 1.2653693256484624, 1.0394030213356018, -0.12398093938827515, 1.3103873133659363, -0.7257929444313049, -0.05450644716620445, 0.8050149083137512, 1.784, -0.11, 0.44599999999999995 
1.0557511152821724, -0.13729240004676332, 1.2663562866197677, 1.0393961071968079, -0.12399357557296753, 1.3103899359703064, -0.7257867455482483, -0.05451603978872299, 0.8049939274787903, 1.783, -0.122, 0.44699999999999995 
1.05674945463058, -0.13714954720605727, 1.2663068798101447, 1.0393314361572266, -0.12395930290222168, 1.31038099527359, -0.7258062958717346, -0.054525770246982574, 0.8049903512001038, 1.784, -0.122, 0.44699999999999995 
1.0561198389863442, -0.10410710647267021, 1.2611466978048897, 1.0394882559776306, -0.12401723861694336, 1.3103565573692322, -0.725803017616272, -0.054531775414943695, 0.804980456829071, 1.784, -0.089, 0.44199999999999995 
1.0560895479446826, -0.1042876291231935, 1.2613152409429536, 1.0394882559776306, -0.12401723861694336, 1.3103565573692322, -0.7257914543151855, -0.054507192224264145, 0.8050040602684021, 1.784, -0.089, 0.44199999999999995 
1.0551128872893587, -0.1041608228822151, 1.2611052552419602, 1.0394902229309082, -0.12400954961776733, 1.3103646636009216, -0.7258192896842957, -0.0545186772942543, 0.8049874305725098, 1.783, -0.089, 0.44199999999999995 
1.056403641457441, -0.12151163788262663, 1.2680761708625128, 1.0394925475120544, -0.12399357557296753, 1.3103607296943665, -0.7260856032371521, -0.05473819002509117, 0.804970383644104, 1.784, -0.106, 0.44999999999999996 
1.056554136943706, -0.12120487228500015, 1.2686888730111074, 1.0394790768623352, -0.12399855256080627, 1.310368299484253, -0.7257900834083557, -0.05450255423784256, 0.8050020337104797, 1.784, -0.106, 0.44999999999999996 
1.0568019439987064, -0.14034737504465433, 1.2683200737998324, 1.0393346548080444, -0.12396135926246643, 1.3103705048561096, -0.7257925271987915, -0.0545019693672657, 0.8049989342689514, 1.784, -0.125, 0.44899999999999995 
1.0567833049298552, -0.14029546069536497, 1.268452187383264, 1.0394074320793152, -0.12398973107337952, 1.3104495406150818, -0.725782036781311, -0.054486002773046494, 0.8050063252449036, 1.784, -0.125, 0.44899999999999995 
1.0557625890316387, -0.14025979624218776, 1.268400598663629, 1.039488673210144, -0.1239960789680481, 1.3103584051132202, -0.7258118987083435, -0.05451533943414688, 0.8049868941307068, 1.783, -0.125, 0.44899999999999995 
1.0551159823807388, -0.11053683701393013, 1.2655506396478577, 1.0394774079322815, -0.12402105331420898, 1.3103659749031067, -0.7257950901985168, -0.05449313670396805, 0.8050082921981812, 1.783, -0.095, 0.44599999999999995 
1.0561422200590442, -0.11038388657572468, 1.2654320822151224, 1.0393920540809631, -0.12398678064346313, 1.310373604297638, -0.7258000373840332, -0.054507773369550705, 0.8049891591072083, 1.784, -0.095, 0.44599999999999995 
1.05670714758726, -0.13844985065690976, 1.2694815637342463, 1.0394828915596008, -0.124001145362854, 1.3103613257408142, -0.7257927656173706, -0.05448681116104126, 0.8050082921981812, 1.784, -0.123, 0.44999999999999996 
1.0567342934775286, -0.138196812235071, 1.2693488592919553, 1.039385735988617, -0.12397664785385132, 1.3103694915771484, -0.7258045077323914, -0.0545201413333416, 0.8049832582473755, 1.784, -0.123, 0.44999999999999996 
1.0577134436026028, -0.13824046897601275, 1.2693809854866163, 1.0393764972686768, -0.12397500872612, 1.3103798031806946, -0.7258182764053345, -0.054511506110429764, 0.8049917817115784, 1.785, -0.123, 0.44999999999999996 
1.0577094274005558, -0.13838004418741134, 1.2694140112930694, 1.0394772291183472, -0.12400013208389282, 1.3103721141815186, -0.7258085608482361, -0.054516375064849854, 0.804995059967041, 1.785, -0.123, 0.44999999999999996 
1.056371571487659, -0.12545742709967272, 1.2655507869061617, 1.039472758769989, -0.12400126457214355, 1.3103691935539246, -0.7261054515838623, -0.05473440885543823, 0.8049585819244385, 1.784, -0.11, 0.44699999999999995 
1.0555688652769337, -0.1252007600429545, 1.2659990224675561, 1.039314091205597, -0.12397623062133789, 1.3103860020637512, -0.725804328918457, -0.054517146199941635, 0.8049904704093933, 1.783, -0.11, 0.44699999999999995 
1.055458099892959, -0.12318278560547248, 1.2652924736053883, 1.039487361907959, -0.12400197982788086, 1.3103733658790588, -0.7258049845695496, -0.054509975016117096, 0.8049891591072083, 1.783, -0.108, 0.44599999999999995 
1.0564366027579966, -0.12324567137528306, 1.2663604792522696, 1.0394690036773682, -0.12398919463157654, 1.3103686571121216, -0.7258039116859436, -0.054493747651576996, 0.8050053119659424, 1.784, -0.108, 0.44699999999999995 
1.056594279001875, -0.12329625230917157, 1.265654441731375, 1.0394667387008667, -0.12399977445602417, 1.3103787302970886, -0.7258201241493225, -0.054502807557582855, 0.8049932718276978, 1.784, -0.108, 0.44699999999999995 
1.0567548744115456, -0.1300200633843107, 1.2666408941672147, 1.0393778085708618, -0.12396228313446045, 1.3103823065757751, -0.7258166670799255, -0.0545000322163105, 0.8049964308738708, 1.784, -0.115, 0.44799999999999995 
1.0566076315787347, -0.13006545023240954, 1.267156665824674, 1.0394724011421204, -0.12398669123649597, 1.3103712797164917, -0.7258293032646179, -0.05451519787311554, 0.8049854636192322, 1.784, -0.115, 0.44799999999999995 
1.0554786161839194, -0.12516545380858504, 1.2673094345498244, 1.0394732356071472, -0.12399619817733765, 1.3103725910186768, -0.7258114218711853, -0.05448600649833679, 0.8050063848495483, 1.783, -0.11, 0.44799999999999995 
1.0557666603825018, -0.12504124192723623, 1.2661687678757474, 1.0394725799560547, -0.12400609254837036, 1.3103817105293274, -0.725811779499054, -0.05450399965047836, 0.8049831390380859, 1.783, -0.11, 0.44799999999999995 
1.0575460703436175, -0.12504618730867237, 1.2670636884953748, 1.0394723415374756, -0.12399783730506897, 1.3103719353675842, -0.7258080244064331, -0.05450543016195297, 0.8049855828285217, 1.785, -0.11, 0.44799999999999995 
1.0574874697217322, -0.12512148275750112, 1.267320425679783, 1.0393230319023132, -0.12394484877586365, 1.3103787899017334, -0.7257986068725586, -0.05448579415678978, 0.8049880862236023, 1.785, -0.11, 0.44799999999999995 
1.0573977306010767, -0.12012950982109605, 1.2653112741117125, 1.0393215417861938, -0.12394818663597107, 1.3103801608085632, -0.7257986068725586, -0.05448579415678978, 0.8049880862236023, 1.785, -0.105, 0.44599999999999995 
1.0573982367158634, -0.12006542110109027, 1.2652332140709757, 1.0394756197929382, -0.12399604916572571, 1.310372233390808, -0.7258221507072449, -0.05452147498726845, 0.8049928545951843, 1.785, -0.105, 0.44599999999999995 
1.0563571405177519, -0.11928524302957799, 1.265365608593004, 1.0395012497901917, -0.1239849328994751, 1.310452401638031, -0.7258022427558899, -0.05448801442980766, 0.8050056099891663, 1.784, -0.104, 0.44599999999999995 
1.056380590126787, -0.11917961223269902, 1.2652669554837102, 1.039339303970337, -0.12394833564758301, 1.3104636073112488, -0.7258064150810242, -0.054497383534908295, 0.8050030469894409, 1.784, -0.104, 0.44599999999999995 
1.0566432464658717, -0.1333676296491383, 1.2664053097634238, 1.0394954085350037, -0.12397879362106323, 1.3104426860809326, -0.7257999181747437, -0.0545058399438858, 0.8050182461738586, 1.784, -0.118, 0.44699999999999995 
1.0576466614720053, -0.133311846624642, 1.266379466659513, 1.039466679096222, -0.12400805950164795, 1.3103688955307007, -0.7258026003837585, -0.05450813099741936, 0.8050036430358887, 1.785, -0.118, 0.44699999999999995 
1.0576498239216199, -0.13322840614018078, 1.2663588189967614, 1.039313793182373, -0.12395992875099182, 1.3103851079940796, -0.7258095741271973, -0.05451233312487602, 0.8050081729888916, 1.785, -0.118, 0.44699999999999995 
1.0564809755413755, -0.11650176674379184, 1.2653741615990297, 1.0393053889274597, -0.12397995591163635, 1.3103889226913452, -0.7260925769805908, -0.054701417684555054, 0.8049670457839966, 1.784, -0.101, 0.44799999999999995 
1.0575181332375534, -0.1163710877144213, 1.2662310511625132, 1.0393235087394714, -0.12395310401916504, 1.310391366481781, -0.7260899543762207, -0.05469357967376709, 0.8049699068069458, 1.785, -0.101, 0.44899999999999995 
1.0572483185029053, -0.11631532364930998, 1.2684476696588969, 1.0394763350486755, -0.12401899695396423, 1.310380458831787, -0.7258020043373108, -0.054496925324201584, 0.8050057888031006, 1.785, -0.101, 0.44899999999999995 
1.0575907159242806, -0.1322757161339692, 1.2675189976892247, 1.039469838142395, -0.12402048707008362, 1.3103817105293274, -0.7257957458496094, -0.05450001731514931, 0.8050070405006409, 1.785, -0.117, 0.44799999999999995 
1.0576129692591958, -0.13212423427580777, 1.2673854962771158, 1.0393136143684387, -0.12396347522735596, 1.310387909412384, -0.7258110046386719, -0.054511524736881256, 0.804995059967041, 1.785, -0.117, 0.44799999999999995 
1.0573340506382407, -0.11824615058881802, 1.264454002051777, 1.0393467545509338, -0.1239648163318634, 1.3104653358459473, -0.7257918119430542, -0.05449018254876137, 0.8050053119659424, 1.785, -0.103, 0.44499999999999995 
1.0573290123998507, -0.11832599825805626, 1.2644061159957611, 1.0393285155296326, -0.12395402789115906, 1.3103893995285034, -0.725804328918457, -0.05449490249156952, 0.8049989938735962, 1.785, -0.103, 0.44499999999999995 
1.0573334502540073, -0.11838434309358986, 1.2643939780564355, 1.039470613002777, -0.12401145696640015, 1.3103843927383423, -0.7258024215698242, -0.054502904415130615, 0.8050031661987305, 1.785, -0.103, 0.44499999999999995 
1.0563033286496064, -0.11844929565664544, 1.2645198769367902, 1.0395045280456543, -0.12399524450302124, 1.3104569911956787, -0.7258003354072571, -0.05449482798576355, 0.8050128221511841, 1.784, -0.103, 0.44499999999999995 
1.0567881438865148, -0.13803935672580164, 1.2682218383253399, 1.0393164157867432, -0.12397855520248413, 1.3103916645050049, -0.7258003354072571, -0.05451972410082817, 0.8049905896186829, 1.784, -0.123, 0.44899999999999995 
1.0547885520470421, -0.088238356969644, 1.2572547591331333, 1.0394755005836487, -0.12399622797966003, 1.3103839755058289, -0.7257937788963318, -0.05453980714082718, 0.8049992322921753, 1.783, -0.073, 0.43800000000000006 
1.0547544350625946, -0.08842904409843017, 1.2573959984016156, 1.0393201112747192, -0.12396121025085449, 1.3103894591331482, -0.7257922291755676, -0.05451447516679764, 0.805013120174408, 1.783, -0.073, 0.43800000000000006 
1.0553654649673416, -0.11830040878706706, 1.262370535818037, 1.0393864512443542, -0.12396660447120667, 1.3103774785995483, -0.7257940769195557, -0.054538875818252563, 0.805001974105835, 1.783, -0.103, 0.44299999999999995 
1.0563389116093238, -0.1184442777633021, 1.2624166242986474, 1.0393092036247253, -0.12399038672447205, 1.3103971481323242, -0.7258047461509705, -0.05451782047748566, 0.8050022721290588, 1.784, -0.103, 0.44299999999999995 
1.0553466384822687, -0.11849060766870118, 1.262360490174386, 1.039318323135376, -0.12398377060890198, 1.3103933334350586, -0.7258082628250122, -0.054544974118471146, 0.8050006628036499, 1.783, -0.103, 0.44299999999999995 
1.0566793223570414, -0.13545532471583374, 1.2653999154303062, 1.039319634437561, -0.12396275997161865, 1.3103976249694824, -0.7258082628250122, -0.054544974118471146, 0.8050006628036499, 1.784, -0.12, 0.44599999999999995 
1.0556970441308073, -0.13544301211813797, 1.2654120013934207, 1.0393084287643433, -0.12396755814552307, 1.3103815913200378, -0.7257879972457886, -0.054500408470630646, 0.8050108551979065, 1.783, -0.12, 0.44599999999999995 
1.054969888037907, -0.09834049504224981, 1.2583395867231517, 1.0393096804618835, -0.12398865818977356, 1.3103928565979004, -0.725799024105072, -0.05451491102576256, 0.8050118684768677, 1.783, -0.083, 0.43900000000000006 
1.0569663499015918, -0.0984474399195307, 1.2583407890849339, 1.0393087267875671, -0.12398698925971985, 1.3103903532028198, -0.7258039116859436, -0.05452962964773178, 0.805018424987793, 1.785, -0.083, 0.43900000000000006 
1.0564939398061186, -0.12243586040994414, 1.2631478963970977, 1.0393194556236267, -0.12395426630973816, 1.3103817701339722, -0.725799560546875, -0.05450998246669769, 0.8050205707550049, 1.784, -0.107, 0.44399999999999995 
1.057457073662798, -0.12133158112125497, 1.2632367524174353, 1.0393863320350647, -0.12397053837776184, 1.310373842716217, -0.7257944941520691, -0.054508939385414124, 0.8050101399421692, 1.785, -0.106, 0.44399999999999995 
1.0585932963046334, -0.13040889529113392, 1.2664061953890884, 1.0393261313438416, -0.12395203113555908, 1.3103699684143066, -0.7257862091064453, -0.05449974164366722, 0.8050241470336914, 1.786, -0.115, 0.44699999999999995 
1.0576272248641443, -0.13030770411866405, 1.2662434204203263, 1.0393275022506714, -0.12397512793540955, 1.3103809356689453, -0.7257940173149109, -0.05450418218970299, 0.8050095438957214, 1.785, -0.115, 0.44699999999999995 
1.0563564176071938, -0.1163724432400716, 1.2642206317573004, 1.0393134355545044, -0.12398436665534973, 1.3103955388069153, -0.7257845401763916, -0.05447903648018837, 0.8050287961959839, 1.784, -0.101, 0.44499999999999995 
1.0562968040326057, -0.11648517663224432, 1.2643915318615517, 1.0393192768096924, -0.12397590279579163, 1.3103871941566467, -0.7257946133613586, -0.05449206754565239, 0.8050122857093811, 1.784, -0.101, 0.44499999999999995 
1.057626570517542, -0.13459658972969937, 1.2665100422930944, 1.0393222570419312, -0.1239703893661499, 1.3103923201560974, -0.7258026003837585, -0.054518748074769974, 0.8050148487091064, 1.785, -0.119, 0.44699999999999995 
1.057626570517542, -0.13459658972969937, 1.2665100422930944, 1.0393075942993164, -0.12396347522735596, 1.3103866577148438, -0.7258026003837585, -0.054518748074769974, 0.8050148487091064, 1.785, -0.119, 0.44699999999999995 
1.057661923202865, -0.12615613738146886, 1.2676859897709716, 1.0393075942993164, -0.12396347522735596, 1.3103866577148438, -0.7258046865463257, -0.05451422184705734, 0.8050169944763184, 1.785, -0.111, 0.44899999999999995 
1.0585368722594741, -0.12620451484202663, 1.2681064332916412, 1.0393075942993164, -0.12396347522735596, 1.3103866577148438, -0.7258203625679016, -0.05452706664800644, 0.8050022721290588, 1.786, -0.111, 0.44899999999999995 
1.0583970711407797, -0.11920961827717551, 1.2670933571703973, 1.0393075942993164, -0.12396347522735596, 1.3103866577148438, -0.7258203625679016, -0.05452706664800644, 0.8050022721290588, 1.786, -0.104, 0.44799999999999995 
1.0574051901766945, -0.11923424028765214, 1.2660856042692923, 1.0393075942993164, -0.12396347522735596, 1.3103866577148438, -0.7258203625679016, -0.05452706664800644, 0.8050022721290588, 1.785, -0.104, 0.44699999999999995 
1.0564081614833492, -0.12014517933068111, 1.2633199478883526, 1.0393093824386597, -0.12396007776260376, 1.31038498878479, -0.7258058190345764, -0.054498348385095596, 0.8050042390823364, 1.784, -0.105, 0.44399999999999995 
1.0574168999173874, -0.11903343422123652, 1.2630888745712823, 1.0393211841583252, -0.12396427989006042, 1.310477614402771, -0.7258338332176208, -0.05454820767045021, 0.8049837350845337, 1.785, -0.104, 0.44399999999999995 
1.056393828977028, -0.12013012267873603, 1.2633121993670597, 1.0393676161766052, -0.12396791577339172, 1.3103907704353333, -0.7258208394050598, -0.05452213063836098, 0.8049967885017395, 1.784, -0.105, 0.44399999999999995 
1.0566305139979222, -0.13087092070263986, 1.2661759487586988, 1.039457082748413, -0.12400263547897339, 1.310389220714569, -0.7258389592170715, -0.05453476309776306, 0.8049861192703247, 1.784, -0.116, 0.44699999999999995 
1.0566665766411094, -0.13100157221327133, 1.2660917069718058, 1.0393151640892029, -0.12398010492324829, 1.3104770183563232, -0.7258216738700867, -0.05450332537293434, 0.8049957156181335, 1.784, -0.116, 0.44699999999999995 
1.0575739174300591, -0.13227997817903933, 1.2654367876656631, 1.0394740104675293, -0.12397629022598267, 1.3103820085525513, -0.7260900139808655, -0.05472904443740845, 0.8049600124359131, 1.785, -0.117, 0.44699999999999995 
1.057422342715923, -0.11929510537691693, 1.26608750245912, 1.0393149256706238, -0.12397900223731995, 1.310394525527954, -0.7258015275001526, -0.0545024536550045, 0.8050107359886169, 1.785, -0.104, 0.44699999999999995 
1.0574618276795023, -0.1281825476434138, 1.2654857801573498, 1.0393069386482239, -0.12396836280822754, 1.3103891611099243, -0.7261069416999817, -0.054733697324991226, 0.8049589991569519, 1.785, -0.113, 0.44699999999999995 
1.0576171510317085, -0.12784780983043717, 1.26603947497873, 1.03947114944458, -0.12399047613143921, 1.3103811740875244, -0.7258239984512329, -0.054511718451976776, 0.8049907088279724, 1.785, -0.113, 0.44699999999999995 
1.0566497210738022, -0.1279677362494356, 1.2659318611223833, 1.0392987728118896, -0.12397229671478271, 1.3103936314582825, -0.7258164286613464, -0.05452748015522957, 0.8050004243850708, 1.784, -0.113, 0.44699999999999995 
1.0565529831221698, -0.1241306814799204, 1.2630961637599816, 1.0393065810203552, -0.12396472692489624, 1.3103938698768616, -0.725807785987854, -0.05450081080198288, 0.8050227761268616, 1.784, -0.109, 0.44399999999999995 
1.0585922943256914, -0.12707689237089767, 1.266117373852337, 1.0393065810203552, -0.12396472692489624, 1.3103938698768616, -0.725807785987854, -0.05450081080198288, 0.8050227761268616, 1.786, -0.112, 0.44699999999999995 
1.0564050622855419, -0.11713229398898922, 1.2630827218603982, 1.0392974019050598, -0.1239551305770874, 1.3103942275047302, -0.725807785987854, -0.05450081080198288, 0.8050227761268616, 1.784, -0.102, 0.44399999999999995 
1.0563321988153533, -0.11605508018582272, 1.2631965031913723, 1.0392974019050598, -0.1239551305770874, 1.3103942275047302, -0.7258266806602478, -0.05452048406004906, 0.8049983978271484, 1.784, -0.101, 0.44399999999999995 
1.0563666268134635, -0.11805101270601956, 1.2642003208492327, 1.0392860174179077, -0.12395983934402466, 1.3104000687599182, -0.7258266806602478, -0.05452048406004906, 0.8049983978271484, 1.784, -0.103, 0.44499999999999995 
1.0565301889966947, -0.127046744295665, 1.2653426023801797, 1.03929603099823, -0.12394830584526062, 1.3104090690612793, -0.7258199453353882, -0.05449434742331505, 0.8050259947776794, 1.784, -0.112, 0.44599999999999995 
1.0555315969366834, -0.12708146482549154, 1.265308563964827, 1.0392917394638062, -0.12396320700645447, 1.3104135394096375, -0.7258236408233643, -0.054490216076374054, 0.8050169944763184, 1.783, -0.112, 0.44599999999999995 
1.0575310843537524, -0.12703903870748498, 1.2653243783093915, 1.0392953157424927, -0.12395542860031128, 1.3104114532470703, -0.7258236408233643, -0.054490216076374054, 0.8050169944763184, 1.785, -0.112, 0.44599999999999995 
1.0576845948936588, -0.13503019415949824, 1.2673393038886918, 1.0393001437187195, -0.12392818927764893, 1.310402512550354, -0.7258236408233643, -0.054490216076374054, 0.8050169944763184, 1.785, -0.12, 0.44799999999999995 
1.0577131856349622, -0.13507711547924614, 1.2663092591951277, 1.0393187999725342, -0.12396150827407837, 1.310496985912323, -0.7258114218711853, -0.054500095546245575, 0.8050236105918884, 1.785, -0.12, 0.44699999999999995 
1.0565228879984638, -0.12610039338443454, 1.266284615418801, 1.0393187999725342, -0.12396150827407837, 1.310496985912323, -0.7258114218711853, -0.054500095546245575, 0.8050236105918884, 1.784, -0.111, 0.44699999999999995 
1.0572899072194302, -0.11617929421697046, 1.2653776340666527, 1.0394539833068848, -0.12400186061859131, 1.3103908896446228, -0.7258105278015137, -0.05446693301200867, 0.8050199747085571, 1.785, -0.101, 0.44599999999999995 
1.0573137427704533, -0.11705515055349215, 1.2652959168523075, 1.0393001437187195, -0.1239495575428009, 1.3104137182235718, -0.7258290648460388, -0.05450738966464996, 0.8050024509429932, 1.785, -0.102, 0.44599999999999995 
1.055465896190099, -0.12409770365470615, 1.2663029063694156, 1.039462685585022, -0.1239805519580841, 1.3103954792022705, -0.7258206605911255, -0.05449385941028595, 0.8050267696380615, 1.783, -0.109, 0.44699999999999995 
1.0546223130908423, -0.08212156589893885, 1.257301118502906, 1.0393089652061462, -0.12396681308746338, 1.3103986382484436, -0.7258244752883911, -0.05451588332653046, 0.805014967918396, 1.783, -0.067, 0.43800000000000006 
1.0556475834908405, -0.08207209607211041, 1.257167700319634, 1.0392940640449524, -0.12397310137748718, 1.3104154467582703, -0.7258354425430298, -0.054518915712833405, 0.8050186634063721, 1.784, -0.067, 0.43800000000000006 
1.0546601681367829, -0.08207822862555789, 1.2570937352554301, 1.0393086075782776, -0.12394684553146362, 1.3104053735733032, -0.7258368134498596, -0.05449807271361351, 0.8050059080123901, 1.783, -0.067, 0.43800000000000006 
1.0562648474278817, -0.11189303072986731, 1.2640886074275626, 1.039860725402832, -0.12319931387901306, 1.3103150725364685, -0.7258362174034119, -0.054519809782505035, 0.8050182461738586, 1.784, -0.097, 0.44499999999999995 
1.0572765263291741, -0.11176616243437638, 1.2640294847242803, 1.0394452214241028, -0.12402665615081787, 1.3104015588760376, -0.72584068775177, -0.054525598883628845, 0.8049999475479126, 1.785, -0.097, 0.44499999999999995 
1.05643928053771, -0.1197182792058027, 1.2631194407485815, 1.0394509434700012, -0.1240234375, 1.3104004859924316, -0.7258368730545044, -0.0545409619808197, 0.8049973845481873, 1.784, -0.105, 0.44399999999999995 
1.0564632009233237, -0.11978007407969984, 1.2630422745831527, 1.0394492149353027, -0.12401023507118225, 1.3103971481323242, -0.7258301973342896, -0.05452900752425194, 0.8049994111061096, 1.784, -0.105, 0.44399999999999995 
1.05622762550857, -0.10761247506862483, 1.263794826859736, 1.0394679307937622, -0.12405025959014893, 1.310504138469696, -0.7258499264717102, -0.054475314915180206, 0.8049406409263611, 1.784, -0.093, 0.44499999999999995 
1.0562435032692603, -0.10870224712424105, 1.263936663658468, 1.0400202870368958, -0.12270176410675049, 1.3107345700263977, -0.7258297204971313, -0.054507236927747726, 0.8049881458282471, 1.784, -0.094, 0.44499999999999995 
1.0575525404496386, -0.11860835182920643, 1.2626446836146794, 1.039442777633667, -0.12405455112457275, 1.310401439666748, -0.725829005241394, -0.054509181529283524, 0.8050103187561035, 1.785, -0.104, 0.44399999999999995 
1.0564395279520853, -0.11768512666261056, 1.2629296576279223, 1.0393404364585876, -0.12401574850082397, 1.3104016780853271, -0.7258393168449402, -0.054547663778066635, 0.8049854636192322, 1.784, -0.103, 0.44399999999999995 
1.0564616859175442, -0.1177340960581254, 1.2629422561315689, 1.0392928719520569, -0.12402871251106262, 1.3104101419448853, -0.72581946849823, -0.05453024059534073, 0.8050113916397095, 1.784, -0.103, 0.44399999999999995 
1.0574827658694543, -0.11871249341608092, 1.2629519444934818, 1.0394330620765686, -0.1240866482257843, 1.3104295134544373, -0.72581946849823, -0.05453024059534073, 0.8050113916397095, 1.785, -0.104, 0.44399999999999995 
1.057910183302885, -0.13861005078170013, 1.2659185915842475, 1.03943532705307, -0.12407752871513367, 1.3104214072227478, -0.7258142232894897, -0.054572004824876785, 0.8050029873847961, 1.785, -0.124, 0.44699999999999995 
1.057910183302885, -0.13861005078170013, 1.2659185915842475, 1.0394312739372253, -0.12407907843589783, 1.310442328453064, -0.7258142232894897, -0.054572004824876785, 0.8050029873847961, 1.785, -0.124, 0.44699999999999995 
1.0574204458223262, -0.11277311998636622, 1.2616243631076198, 1.0394390225410461, -0.12404245138168335, 1.3104113936424255, -0.7258318066596985, -0.054574135690927505, 0.8049912452697754, 1.785, -0.098, 0.44299999999999995 
1.05736083195068, -0.1129193909708085, 1.2618607912063815, 1.0393016934394836, -0.12400659918785095, 1.3103992342948914, -0.7258325815200806, -0.05460101738572121, 0.805005669593811, 1.785, -0.098, 0.44299999999999995 
1.0586088481168892, -0.12888097813359767, 1.2652226253005279, 1.039272964000702, -0.12405377626419067, 1.3104056119918823, -0.7258242964744568, -0.05458085238933563, 0.8050296902656555, 1.786, -0.114, 0.44599999999999995 
1.0574201962441574, -0.11600727774009989, 1.2646844330427203, 1.039446234703064, -0.12407609820365906, 1.3103617429733276, -0.7260984182357788, -0.054792068898677826, 0.8049691319465637, 1.785, -0.101, 0.44699999999999995 
1.0573428306443022, -0.11593308765305832, 1.266032945351176, 1.0394245386123657, -0.12405401468276978, 1.3104192018508911, -0.7258350253105164, -0.05458233878016472, 0.8049868941307068, 1.785, -0.101, 0.44699999999999995 
1.0583637730592015, -0.1169116259902316, 1.2660427691147897, 1.0394245386123657, -0.12405401468276978, 1.3104192018508911, -0.7258350253105164, -0.05458233878016472, 0.8049868941307068, 1.786, -0.102, 0.44699999999999995 
1.0582943032780157, -0.1115447511446084, 1.2620944448426759, 1.0392894744873047, -0.12403923273086548, 1.3104347586631775, -0.7258257269859314, -0.05458110570907593, 0.8049899339675903, 1.786, -0.097, 0.44299999999999995 
1.0572422601286529, -0.1119870683795978, 1.2623063399680463, 1.0392846465110779, -0.12405428290367126, 1.3104271292686462, -0.7258167266845703, -0.05456865578889847, 0.8050107955932617, 1.785, -0.097, 0.44299999999999995 
1.0572980076927743, -0.11204264025268285, 1.2620408089487738, 1.0393004417419434, -0.12405940890312195, 1.3104261755943298, -0.7258224487304688, -0.05456700921058655, 0.8049943447113037, 1.785, -0.097, 0.44299999999999995 
1.0599048908376036, -0.14380973252685053, 1.270205460631233, 1.0393004417419434, -0.12405940890312195, 1.3104261755943298, -0.7258120775222778, -0.05456024408340454, 0.8049826622009277, 1.787, -0.129, 0.45099999999999996 
1.0589163268628736, -0.14374013416830334, 1.2692245135452673, 1.0393443703651428, -0.12404504418373108, 1.3104984164237976, -0.7258145213127136, -0.05456621199846268, 0.8050156235694885, 1.786, -0.129, 0.44999999999999996 
1.0575705850231802, -0.12140349449088271, 1.264450645395438, 1.0393248796463013, -0.12406191229820251, 1.31050306558609, -0.7258434295654297, -0.05446238815784454, 0.8049721121788025, 1.785, -0.106, 0.44599999999999995 
1.0585636361107078, -0.12235734508622498, 1.2645082199330249, 1.039451003074646, -0.12411877512931824, 1.3104287981987, -0.7258579730987549, -0.05447613447904587, 0.8049566745758057, 1.786, -0.107, 0.44599999999999995 
1.0576237216707858, -0.1228491583657362, 1.266870035186227, 1.0395830273628235, -0.12389707565307617, 1.3102725744247437, -0.7261751890182495, -0.05468720570206642, 0.8048933148384094, 1.786, -0.107, 0.44599999999999995 
1.0561538992864286, -0.1145976470815472, 1.2692854778925613, 1.0394666194915771, -0.12371736764907837, 1.3101236820220947, -0.7261010408401489, -0.054964564740657806, 0.8049087524414062, 1.786, -0.098, 0.44299999999999995 
1.05402723788085, -0.11366793350280943, 1.2695753732509207, 1.039516270160675, -0.12371456623077393, 1.310116708278656, -0.7261248230934143, -0.05497480556368828, 0.8049081563949585, 1.784, -0.097, 0.44299999999999995 
1.0552156563713915, -0.12934199185602846, 1.2721925749468805, 1.0396063327789307, -0.12374868988990784, 1.3100998401641846, -0.7262258529663086, -0.05532286316156387, 0.804820716381073, 1.785, -0.111, 0.44599999999999995 
1.0566472973030723, -0.12773925773171751, 1.2672587463899894, 1.039447546005249, -0.12370362877845764, 1.3101199269294739, -0.7261469960212708, -0.05470304936170578, 0.8050693273544312, 1.785, -0.111, 0.44599999999999995 
1.0560691054642732, -0.13441881181969612, 1.2680450548151652, 1.039447546005249, -0.12370362877845764, 1.3101199269294739, -0.7263132929801941, -0.05541789531707764, 0.8044888377189636, 1.785, -0.113, 0.44599999999999995 
1.057068865326654, -0.13439926368717792, 1.2680549587582115, 1.0396127700805664, -0.12374314665794373, 1.3101035356521606, -0.7263132929801941, -0.05541789531707764, 0.8044888377189636, 1.786, -0.113, 0.44599999999999995 
1.06033298518487, -0.12925089694343234, 1.2562797977904891, 1.0396109223365784, -0.1237560510635376, 1.3101133108139038, -0.7261287569999695, -0.054819632321596146, 0.8047669529914856, 1.786, -0.111, 0.44599999999999995 
1.06033298518487, -0.12925089694343234, 1.2562797977904891, 1.0396109223365784, -0.1237560510635376, 1.3101133108139038, -0.7261287569999695, -0.054819632321596146, 0.8047669529914856, 1.786, -0.111, 0.44599999999999995 
1.0575212286959887, -0.1275924804230913, 1.2642656105492003, 1.0392948389053345, -0.12395823001861572, 1.31039160490036, -0.7266711592674255, -0.054915741086006165, 0.8047527074813843, 1.786, -0.11, 0.44499999999999995 
1.0568377748674869, -0.12430671585119935, 1.261306623631788, 1.0394533276557922, -0.12400978803634644, 1.3103827238082886, -0.7270153164863586, -0.05519943684339523, 0.8050026297569275, 1.785, -0.11, 0.44399999999999995 
1.0584143516176447, -0.12974488313999327, 1.263092950420423, 1.0392937064170837, -0.12396940588951111, 1.310395359992981, -0.7267073392868042, -0.05519149824976921, 0.8045700192451477, 1.786, -0.111, 0.44799999999999995 
1.0587048752839783, -0.12947841144178218, 1.2623928422974982, 1.0392906069755554, -0.12397995591163635, 1.3103956580162048, -0.726603090763092, -0.055295635014772415, 0.8045129776000977, 1.786, -0.111, 0.44799999999999995 
1.0591638010911273, -0.12697245906155238, 1.2609632118153105, 1.039301335811615, -0.1239568293094635, 1.3103954195976257, -0.7265415787696838, -0.054940007627010345, 0.8041473627090454, 1.786, -0.111, 0.44799999999999995 
1.0553300834919446, -0.1257519964268467, 1.2653679719729805, 1.0394505262374878, -0.12400543689727783, 1.3103705644607544, -0.7267201542854309, -0.054182931780815125, 0.8039258718490601, 1.785, -0.101, 0.44399999999999995 
1.0553300834919446, -0.1257519964268467, 1.2653679719729805, 1.0394505262374878, -0.12400543689727783, 1.3103705644607544, -0.7267201542854309, -0.054182931780815125, 0.8039258718490601, 1.785, -0.101, 0.44399999999999995 
1.0546677416590233, -0.13322238569815925, 1.2661406984819323, 1.0392887592315674, -0.12397664785385132, 1.3103838562965393, -0.7270501852035522, -0.05372687429189682, 0.8050575852394104, 1.785, -0.1, 0.44399999999999995 
1.053736109807852, -0.12668028243568297, 1.272598131029335, 1.0394564270973206, -0.12399429082870483, 1.3103860020637512, -0.7293598055839539, -0.05432964116334915, 0.8076947927474976, 1.786, -0.103, 0.44799999999999995 
1.0564687908995483, -0.08010883919401594, 1.264910895364932, 1.0394511222839355, -0.12400275468826294, 1.310379981994629, -0.7344430685043335, -0.06023726984858513, 0.8235733509063721, 1.786, -0.103, 0.44799999999999995 
1.0395011319656744, -0.10805444478543483, 1.3495959427123043, 1.039442002773285, -0.12400603294372559, 1.3103803992271423, -0.7347065210342407, -0.060906752943992615, 0.8401196002960205, 1.787, -0.105, 0.44999999999999996 
1.0391048927972157, -0.05288450165249867, 1.3787053097696318, 1.0394487977027893, -0.12400928139686584, 1.3103721737861633, -0.7343155145645142, -0.06539227068424225, 0.8685888648033142, 1.786, -0.105, 0.44999999999999996 
1.049870086986052, -0.03378435299599644, 1.3587387591728577, 1.039282202720642, -0.12400159239768982, 1.3103875517845154, -0.7327909469604492, -0.06717171519994736, 0.8795301914215088, 1.787, -0.105, 0.44999999999999996 
1.0561178098314183, -0.033626077063998394, 1.3524111182818028, 1.0394542217254639, -0.12401080131530762, 1.3103712797164917, -0.7303721904754639, -0.07083386182785034, 0.8968982100486755, 1.786, -0.108, 0.44399999999999995 
1.0581106241758749, -0.07660594973814336, 1.4131934637208536, 1.0392876267433167, -0.12402307987213135, 1.310388207435608, -0.7268771529197693, -0.08363207429647446, 0.9537193179130554, 1.785, -0.108, 0.44399999999999995 
1.059069370636142, -0.08979010129256648, 1.4178869882481393, 1.0394591093063354, -0.12404459714889526, 1.310379147529602, -0.7268771529197693, -0.08363207429647446, 0.9537193179130554, 1.785, -0.121, 0.44899999999999995 
1.0603547655445333, -0.0949300534647632, 1.5457103062227473, 1.039375126361847, -0.1240229606628418, 1.3103861212730408, -0.718103289604187, -0.09780128300189972, 1.0499950647354126, 1.786, -0.121, 0.44899999999999995 
1.0625426393309638, -0.07888628278615578, 1.5941657879973563, 1.0393092036247253, -0.12402468919754028, 1.3103958368301392, -0.7137497663497925, -0.09842830151319504, 1.091977596282959, 1.786, -0.12, 0.44799999999999995 
1.0626900396921741, -0.07978206133372648, 1.5921463413626233, 1.0393092036247253, -0.12402468919754028, 1.3103958368301392, -0.7137497663497925, -0.09842830151319504, 1.091977596282959, 1.786, -0.121, 0.44599999999999995 
1.0664546489347793, -0.09935812574331276, 1.6929795905223175, 1.039300262928009, -0.12401926517486572, 1.3103861808776855, -0.7039918303489685, -0.09357451647520065, 1.1737186908721924, 1.785, -0.116, 0.44599999999999995 
1.0705856178043445, -0.08629114017714956, 1.7109176205358938, 1.0392999053001404, -0.12403494119644165, 1.3103858828544617, -0.7005374431610107, -0.09025295078754425, 1.1939798593521118, 1.785, -0.116, 0.44599999999999995 
1.0712076638975228, -0.09332558981863971, 1.7116014731018303, 1.0393012166023254, -0.12403500080108643, 1.3103910088539124, -0.7005374431610107, -0.09025295078754425, 1.1939798593521118, 1.785, -0.123, 0.44699999999999995 
1.0733479256410021, -0.09200694509357266, 1.7194329704092033, 1.0392932891845703, -0.12403976917266846, 1.310395061969757, -0.6989616751670837, -0.08771723508834839, 1.203989028930664, 1.785, -0.123, 0.44699999999999995 
1.0930446135251783, -0.06905572687635042, 1.6925936852716794, 1.0392932891845703, -0.12403976917266846, 1.310395061969757, -0.6953418254852295, -0.07948772609233856, 1.2351171970367432, 1.786, -0.119, 0.44699999999999995 
1.1017222079930176, -0.0613416590245916, 1.6763003082250159, 1.039300799369812, -0.1240215003490448, 1.3103936910629272, -0.6947891712188721, -0.07572266459465027, 1.2481623888015747, 1.787, -0.119, 0.44699999999999995 
1.1057492748176685, -0.06125970475964654, 1.6609856242747987, 1.039300799369812, -0.1240215003490448, 1.3103936910629272, -0.6952147483825684, -0.07539990544319153, 1.252510905265808, 1.787, -0.119, 0.44699999999999995 
1.1037266022924404, -0.05028852573319975, 1.6593818442666213, 1.039300560951233, -0.12402892112731934, 1.3103955388069153, -0.6952147483825684, -0.07539990544319153, 1.252510905265808, 1.786, -0.108, 0.44499999999999995 
1.0993857054927683, -0.09725636326922277, 1.7388556215474682, 1.0393163561820984, -0.1240120530128479, 1.3103832602500916, -0.6943327784538269, -0.0551266148686409, 1.3152151107788086, 1.785, -0.109, 0.44499999999999995 
1.0973549834481349, -0.10583265000435976, 1.7875751853309971, 1.0394790172576904, -0.1237078309059143, 1.310101866722107, -0.694120466709137, -0.049486514180898666, 1.352259874343872, 1.785, -0.117, 0.44699999999999995 
1.0980418154015903, -0.10606356889309483, 1.7911613009054936, 1.0394741296768188, -0.12371036410331726, 1.3101032376289368, -0.6940565705299377, -0.049071505665779114, 1.3544893264770508, 1.786, -0.117, 0.44699999999999995 
1.0988194901233064, -0.11695704060566706, 1.8013153537580053, 1.0388968586921692, -0.1240948736667633, 1.311082124710083, -0.6940698623657227, -0.049059271812438965, 1.356507658958435, 1.787, -0.126, 0.45299999999999996 
1.0927429129943391, -0.12866963959206634, 1.8623600751097489, 1.039457082748413, -0.12373173236846924, 1.310109794139862, -0.6915128231048584, -0.04787822440266609, 1.3902769088745117, 1.786, -0.126, 0.45299999999999996 
1.0930763552302922, -0.1426676648325887, 1.8802786934038918, 1.0394536852836609, -0.12372621893882751, 1.3101221323013306, -0.6895058751106262, -0.04818491265177727, 1.399842381477356, 1.787, -0.13, 0.45299999999999996 
1.0939127990118875, -0.1375411799785294, 1.9453681032284829, 1.039616048336029, -0.1237669587135315, 1.3101069927215576, -0.6734647750854492, -0.05085109546780586, 1.427873134613037, 1.785, -0.105, 0.44699999999999995 
1.094399306935793, -0.15346780698318727, 1.5341081427023693, 1.0394484400749207, -0.12373504042625427, 1.3101192712783813, -0.6665936708450317, -0.050966743379831314, 1.4338170289993286, 1.76, -0.151, 0.028999999999999998 
1.1172266176344543, -0.14643789298823948, 1.537695472236196, 1.039407193660736, -0.1237855851650238, 1.3101985454559326, -0.6439463496208191, -0.05666090175509453, 1.447281837463379, 1.759, -0.151, 0.028999999999999998 
2.3613357574395106, 1.066648564819889, 2.5757523944543466, 1.039454460144043, -0.1237381100654602, 1.3101216554641724, -0.6309118270874023, -0.060255102813243866, 1.4540860652923584, 3.054, 1.039, 1.049 
2.483943366557149, 1.094567221759157, 2.360596236112059, 1.0394495129585266, -0.1237274706363678, 1.3101252913475037, -0.6036943793296814, -0.07069464772939682, 1.458439826965332, 3.081, 1.052, 1.058 
1.3013831096619826, -0.25030657544773294, 1.4032751156216683, 1.0389686226844788, -0.12393414974212646, 1.3103134036064148, -0.5992901921272278, -0.07317734509706497, 1.4577114582061768, 1.892, -0.251, 0.066 
1.3327970601999413, -0.3084739110493496, 1.310422676332177, 1.039456307888031, -0.12371161580085754, 1.3101083040237427, -0.5868229269981384, -0.08799275755882263, 1.4497779607772827, 1.918, -0.263, 0.068 
1.1841316841161953, -0.21086339140202728, 1.2222924054021216, 1.039456307888031, -0.12371161580085754, 1.3101083040237427, -0.5868229269981384, -0.08799275755882263, 1.4497779607772827, 1.782, -0.161, -0.035 
1.182143981725153, -0.21090666501742772, 1.2225095841277234, 1.039456307888031, -0.12371161580085754, 1.3101083040237427, -0.5868229269981384, -0.08799275755882263, 1.4497779607772827, 1.78, -0.161, -0.035 
1.1560430280809988, -0.1650075569632861, 1.3369256459044725, 1.0394589304924011, -0.1237139105796814, 1.310112178325653, -0.6336451172828674, -0.007932957261800766, 1.449856162071228, 1.795, -0.129, -0.038000000000000006 
1.1147614705805027, -0.08669280035604715, 1.3317019331001194, 1.0394635200500488, -0.12370595335960388, 1.3101084232330322, -0.639801025390625, 0.010017463937401772, 1.4519423246383667, 1.759, -0.078, -0.04300000000000001 
1.1020048325976828, -0.07121833386191004, 1.3291914496791204, 1.039533019065857, -0.12398433685302734, 1.3103776574134827, -0.6500689387321472, 0.045154448598623276, 1.4539334774017334, 1.758, -0.078, -0.04300000000000001 
1.1013497574116333, -0.06679765397997822, 1.3372630003778803, 1.0394542217254639, -0.12371078133583069, 1.3101073503494263, -0.651627242565155, 0.0519057996571064, 1.4540895223617554, 1.759, -0.074, -0.027999999999999997 
1.0856983887843272, -0.09203877273862074, 1.3049506016648005, 1.039624273777008, -0.12372210621833801, 1.310085117816925, -0.658679187297821, 0.09555140137672424, 1.454683542251587, 1.759, -0.074, -0.027999999999999997 
1.0852129852933587, -0.005301258081128524, 1.2664388549481393, 1.039460003376007, -0.12370389699935913, 1.3101020455360413, -0.6604057550430298, 0.11829379200935364, 1.4525225162506104, 1.759, 0.023, -0.04999999999999999 
1.0785211810929494, -0.03322868899110787, 1.252018392218598, 1.0396178364753723, -0.12373468279838562, 1.3100908398628235, -0.6599394083023071, 0.13629180192947388, 1.4495341777801514, 1.757, 0.023, -0.04899999999999999 
1.0838967399253867, -0.02561903141497307, 1.2789825121071992, 1.0396063327789307, -0.12375551462173462, 1.3100961446762085, -0.6595855355262756, 0.13800853490829468, 1.4492610692977905, 1.759, 0.031, -0.021000000000000005 
1.0795122508709944, -0.059555427771586816, 1.2539216418130623, 1.0396060943603516, -0.12375596165657043, 1.310101866722107, -0.6526342034339905, 0.18306657671928406, 1.4442195892333984, 1.759, 0.03, -0.020000000000000004 
1.078798081486553, -0.0792983763659002, 1.276846751772659, 1.0396005511283875, -0.12375384569168091, 1.310102641582489, -0.650748610496521, 0.19511322677135468, 1.4463682174682617, 1.759, 0.03, -0.020000000000000004 
1.0759020555341352, -0.0661520464520775, 1.250665709216867, 1.0396128296852112, -0.12374255061149597, 1.310091257095337, -0.650678277015686, 0.19545955955982208, 1.4464478492736816, 1.756, 0.045, -0.04799999999999999 
1.1519733425396232, -0.0538009046344925, 1.2557108132852997, 1.0394511818885803, -0.12372159957885742, 1.3101027607917786, -0.6496687531471252, 0.20280615985393524, 1.4493361711502075, 1.8279999999999998, 0.066, -0.057999999999999996 
1.1722051155033644, -0.029634500981429557, 1.290517038429312, 1.0394595265388489, -0.12370830774307251, 1.3101021647453308, -0.6517390012741089, 0.1989329755306244, 1.450974941253662, 1.843, 0.067, -0.06 
4.611261593342976, -4.54513075594518, 2.98180963185456, 1.0394482016563416, -0.12370932102203369, 1.310110092163086, -0.6518927216529846, 0.1984148770570755, 1.450922966003418, 5.857, -3.854, 1.836 
4.618952517008731, -4.534667582773243, 2.988500342099891, 1.0394489765167236, -0.12371373176574707, 1.3101057410240173, -0.651939868927002, 0.19817137718200684, 1.4509004354476929, 5.857, -3.854, 1.836 
4.548454337831238, -4.172528095866359, 2.917210747330145, 1.0396136045455933, -0.12373918294906616, 1.3100870847702026, -0.6544111371040344, 0.1853366196155548, 1.4495227336883545, 5.6129999999999995, -3.692, 1.764 
1.0225763064454316, -0.14471238141665693, 1.2253803825542708, 1.0396136045455933, -0.12373918294906616, 1.3100870847702026, -0.6544111371040344, 0.1853366196155548, 1.4495227336883545, 1.7149999999999999, -0.117, -0.128 
1.0254257374700133, -0.12438263807632295, 1.2226278216857658, 1.0394548177719116, -0.12370476126670837, 1.3101083636283875, -0.6575493812561035, 0.1730506420135498, 1.447930932044983, 1.7149999999999999, -0.117, -0.128 
1.0257466211370112, -0.11313627528116191, 1.2121614147349475, 1.0395074486732483, -0.12372845411300659, 1.3101102709770203, -0.6644358038902283, 0.13361568748950958, 1.4440712928771973, 1.7149999999999999, -0.112, -0.13 
1.0236810762930912, -0.11397926016277829, 1.2122989093783472, 1.0395074486732483, -0.12372845411300659, 1.3101102709770203, -0.6644358038902283, 0.13361568748950958, 1.4440712928771973, 1.7129999999999999, -0.113, -0.13 
1.0253666582412992, -0.11377759883123709, 1.2232130353719042, 1.0395074486732483, -0.12372845411300659, 1.3101102709770203, -0.6644358038902283, 0.13361568748950958, 1.4440712928771973, 1.714, -0.113, -0.119 
1.0229029422648557, -0.16932179038948908, 1.244235453684114, 1.039607048034668, -0.12374424934387207, 1.3100910186767578, -0.670261025428772, 0.08340870589017868, 1.439934253692627, 1.7149999999999999, -0.113, -0.119 
1.028466446672215, -0.1704311402784702, 1.2641989476987383, 1.0395081639289856, -0.12371826171875, 1.3101069331169128, -0.6712378263473511, 0.07532905042171478, 1.4400516748428345, 1.72, -0.107, -0.099 
1.027902946123248, -0.18534659853504618, 1.2572675953602932, 1.0394401550292969, -0.1237039864063263, 1.3101138472557068, -0.673599123954773, 0.04986823350191116, 1.4404929876327515, 1.7209999999999999, -0.108, -0.099 
1.0305171161713411, -0.16534731661347074, 1.2608165752111882, 1.0394401550292969, -0.1237039864063263, 1.3101138472557068, -0.673599123954773, 0.04986823350191116, 1.4404929876327515, 1.722, -0.088, -0.095 
1.029503484539577, -0.16623819701924303, 1.2618845367919689, 1.039498507976532, -0.12372094392776489, 1.3101109862327576, -0.673599123954773, 0.04986823350191116, 1.4404929876327515, 1.7209999999999999, -0.089, -0.094 
1.0359210739673168, -0.12590742970718177, 1.2624506111381995, 1.039498507976532, -0.12372094392776489, 1.3101109862327576, -0.673699140548706, 0.026241904124617577, 1.440428376197815, 1.722, -0.039, -0.10300000000000001 
1.0366398777404564, -0.12925762110672168, 1.2642807060379586, 1.0396069884300232, -0.12373867630958557, 1.310100495815277, -0.6735892295837402, 0.018430400639772415, 1.44008469581604, 1.722, -0.039, -0.10300000000000001 
1.0406286258181532, -0.12950402763319244, 1.2641099061656442, 1.0394535064697266, -0.1236792504787445, 1.310105323791504, -0.6735892295837402, 0.018430400639772415, 1.44008469581604, 1.726, -0.039, -0.10300000000000001 
1.0464103317894797, -0.17658660470229579, 1.265189658742695, 1.0394442081451416, -0.12368133664131165, 1.310099482536316, -0.6670776009559631, -0.03676664084196091, 1.4364107847213745, 1.7229999999999999, -0.061, -0.10999999999999999 
1.0540447241247533, -0.19192970000936965, 1.2436907183149009, 1.039605438709259, -0.12376868724822998, 1.3100337982177734, -0.6590482592582703, -0.08324270695447922, 1.4313044548034668, 1.722, -0.061, -0.10999999999999999 
1.0600074087088598, -0.19422693659433019, 1.2412636463635054, 1.039605438709259, -0.12376868724822998, 1.3100337982177734, -0.655375063419342, -0.10467492043972015, 1.4285072088241577, 1.724, -0.05, -0.10200000000000001 
1.0736614070976747, -0.2353210163307062, 1.2363895352249232, 1.039445400238037, -0.12369123101234436, 1.3101052045822144, -0.6432762742042542, -0.1740252822637558, 1.4210460186004639, 1.724, -0.051, -0.10200000000000001 
1.07517752244838, -0.21157586022055996, 1.226083041309307, 1.0393744111061096, -0.12386956810951233, 1.3103533387184143, -0.6390681266784668, -0.19813458621501923, 1.4198925495147705, 1.7209999999999999, -0.02, -0.118 
1.072710711556407, -0.22633588321802692, 1.2217507362881066, 1.039456069469452, -0.12402787804603577, 1.3103885650634766, -0.6361201405525208, -0.2200612872838974, 1.4189103841781616, 1.716, -0.021, -0.11699999999999999 
1.0730962116033917, -0.26134046014669526, 1.2248572581328863, 1.0394749641418457, -0.12403595447540283, 1.3104723691940308, -0.6310293078422546, -0.261074960231781, 1.4186103343963623, 1.7109999999999999, -0.021, -0.11599999999999999 
1.0499668030985814, -0.29461325685707157, 1.2445073996858427, 1.0394514799118042, -0.12401852011680603, 1.3103910088539124, -0.6258233785629272, -0.3172014355659485, 1.4180980920791626, 1.6809999999999998, -0.018, -0.11299999999999999 
0.9941230647223447, -0.3033366636473718, 1.2479515350400352, 1.0394629836082458, -0.1240113377571106, 1.3103787899017334, -0.623540997505188, -0.37263932824134827, 1.4141228199005127, 1.6239999999999999, 0.002, -0.10899999999999999 
0.985684247663154, -0.3328621912256112, 1.214066279063314, 1.0394864082336426, -0.12403923273086548, 1.3103883266448975, -0.6220742464065552, -0.4129806160926819, 1.4097232818603516, 1.6179999999999999, 0.0, -0.10799999999999998 
0.976282194980513, -0.29646457022142897, 1.2167958482618948, 1.0392972826957703, -0.12398567795753479, 1.3103981614112854, -0.6220582723617554, -0.4362197816371918, 1.4070730209350586, 1.6139999999999999, 0.032, -0.069 
0.9767217550197886, -0.30693554816738056, 1.2224497565362815, 1.039303481578827, -0.12398895621299744, 1.310399353504181, -0.6212313175201416, -0.47862282395362854, 1.4040447473526, 1.615, 0.059, -0.069 
0.9706119640315153, -0.308902426883053, 1.2304443886368643, 1.0393056869506836, -0.12401697039604187, 1.3103992342948914, -0.621245801448822, -0.4803094267845154, 1.4040131568908691, 1.6079999999999999, 0.06, -0.069 
0.9683904861570917, -0.30099145382803805, 1.2419494601619574, 1.039304792881012, -0.12399566173553467, 1.3103997707366943, -0.6202619075775146, -0.49258166551589966, 1.4041738510131836, 1.605, 0.082, -0.068 
0.9710993640088065, -0.31238848056688007, 1.2589394332132724, 1.0394707918167114, -0.1240227222442627, 1.31038236618042, -0.619475781917572, -0.5015241503715515, 1.4048978090286255, 1.605, 0.082, -0.068 
0.9763469839017821, -0.33460888333427047, 1.2858935708885375, 1.0393765568733215, -0.12399354577064514, 1.3103989362716675, -0.61741703748703, -0.5219742655754089, 1.407899022102356, 1.6059999999999999, 0.08, -0.068 
0.9979243697571847, -0.320875878983369, 1.2621890870148873, 1.0393353700637817, -0.12396210432052612, 1.3104813694953918, -0.6131064295768738, -0.5407527089118958, 1.4066461324691772, 1.626, 0.125, -0.07300000000000001 
0.9988193521090947, -0.31604068200743596, 1.239152815867942, 1.0393004417419434, -0.1239958107471466, 1.3104053735733032, -0.6143422722816467, -0.5297761559486389, 1.401884913444519, 1.629, 0.125, -0.07300000000000001 
1.0011764693844838, -0.2782717033796439, 1.2173771754727356, 1.039359450340271, -0.1240190863609314, 1.3104037046432495, -0.6150199174880981, -0.5246906876564026, 1.402336835861206, 1.635, 0.16, -0.092 
1.0126036099362201, -0.2623493731388001, 1.266561056720383, 1.0392948389053345, -0.12400570511817932, 1.3104207515716553, -0.6225510835647583, -0.4950403571128845, 1.4058021306991577, 1.648, 0.151, -0.091 
5.498786155000795, 0.7683997552814936, 2.871428936152637, 1.0392950177192688, -0.12401443719863892, 1.3104177713394165, -0.6225510835647583, -0.4950403571128845, 1.4058021306991577, 6.129, 0.985, 1.643 
5.474098229592302, 0.7560710820651625, 3.0860275800843753, 1.0392983555793762, -0.12400585412979126, 1.3104068040847778, -0.6337518692016602, -0.4554082155227661, 1.4067524671554565, 6.154, 1.029, 1.6520000000000001 
5.436369654210899, 0.728278922280208, 3.102203192407719, 1.039293110370636, -0.12402001023292542, 1.310409426689148, -0.6403815746307373, -0.41899749636650085, 1.407230019569397, 6.125, 0.997, 1.643 
5.650330849304557, 0.04166286930266344, 3.542544935898003, 1.0392891764640808, -0.12401875853538513, 1.3104178309440613, -0.6411922574043274, -0.4125922918319702, 1.407309889793396, 6.311, 0.318, 2.111 
5.650330849304557, 0.04166286930266344, 3.542544935898003, 1.0392891764640808, -0.12401875853538513, 1.3104178309440613, -0.6411922574043274, -0.4125922918319702, 1.407309889793396, 6.311, 0.318, 2.111 
5.650330849304557, 0.04166286930266344, 3.542544935898003, 1.0392891764640808, -0.12401875853538513, 1.3104178309440613, -0.6411922574043274, -0.4125922918319702, 1.407309889793396, 6.311, 0.318, 2.111 
2.2639497897450442, -1.7452686829940662, 0.5684685116467757, 1.0393096208572388, -0.12402749061584473, 1.3104045391082764, -0.6465993523597717, -0.29734736680984497, 1.403910756111145, 2.906, -1.471, -0.8370000000000001 
1.1968175052988288, -0.018735004827274644, 1.2262928390393486, 1.0392982959747314, -0.1240195631980896, 1.3104066252708435, -0.6464003324508667, -0.27395519614219666, 1.4021718502044678, 1.835, 0.287, -0.206 
1.1944077582285786, -0.015719119211425804, 1.2239785879638982, 1.0392982959747314, -0.1240195631980896, 1.3104066252708435, -0.6461629867553711, -0.2630331218242645, 1.4014465808868408, 1.8319999999999999, 0.284, -0.205 
1.1965343606788617, -0.010739856095581576, 1.2230782292125837, 1.0393086075782776, -0.12401211261749268, 1.3103988766670227, -0.6461629867553711, -0.2630331218242645, 1.4014465808868408, 1.8339999999999999, 0.289, -0.206 
1.1352676203095557, -0.06948323040337688, 1.2279071668110868, 1.0397271513938904, -0.12406942248344421, 1.3104521036148071, -0.6467021107673645, -0.21264316141605377, 1.3977781534194946, 1.77, 0.241, -0.18000000000000002 
1.1168674859610828, -0.08036861865818312, 1.2373340376884374, 1.039460003376007, -0.12369152903556824, 1.3101120591163635, -0.6500171422958374, -0.17287325859069824, 1.3939204216003418, 1.753, 0.224, -0.17300000000000001 
1.0421207195042201, -0.1765673653512426, 1.2966288091560279, 1.0394562482833862, -0.12370431423187256, 1.3101140260696411, -0.6584953665733337, -0.11330688744783401, 1.3712880611419678, 1.692, 0.129, -0.147 
1.038146222582304, -0.15715544710813933, 1.34254706297326, 1.0395203828811646, -0.12357950210571289, 1.3101378679275513, -0.6626918911933899, -0.09664003551006317, 1.3524388074874878, 1.6889999999999998, 0.145, -0.151 
1.0343181676030195, -0.12954024094338798, 1.3482745098575277, 1.0394607782363892, -0.12369650602340698, 1.3100955486297607, -0.667900025844574, -0.08080132305622101, 1.3246108293533325, 1.688, 0.152, -0.168 
1.0322234500029874, -0.11042269468223914, 1.3207629869563153, 1.0395322442054749, -0.1237025260925293, 1.3100970387458801, -0.6718581318855286, -0.0715714544057846, 1.2901546955108643, 1.6889999999999998, 0.158, -0.17 
1.0288869746473548, -0.07366174756471522, 1.2540704686288953, 1.0395322442054749, -0.1237025260925293, 1.3100970387458801, -0.6773075461387634, -0.06953415274620056, 1.247678518295288, 1.69, 0.169, -0.163 
1.0188709377837575, -0.010698141741811204, 1.1703222034501255, 1.03946453332901, -0.12369224429130554, 1.3100975155830383, -0.6905421018600464, -0.06837166100740433, 1.1680015325546265, 1.694, 0.17, -0.164 
1.0056391915501843, 0.026739717037882124, 1.0916308433121753, 1.0394693613052368, -0.12369346618652344, 1.3101006746292114, -0.7007312774658203, -0.0672604888677597, 1.1125001907348633, 1.692, 0.176, -0.165 
0.9870666406550425, 0.11883429547976669, 0.9587988483092726, 1.0394627451896667, -0.12369373440742493, 1.3101040124893188, -0.7067443132400513, -0.06531214714050293, 1.014935851097107, 1.686, 0.194, -0.162 
0.984440813604884, 0.17951113029029125, 0.85818903720361, 1.039450466632843, -0.12368553876876831, 1.310104489326477, -0.696731686592102, -0.0583028681576252, 0.9658452868461609, 1.6749999999999998, 0.223, -0.19999999999999998 
1.0042760486160276, 0.20419974973038116, 0.7491472109803203, 1.0394652485847473, -0.12367013096809387, 1.3100917339324951, -0.6711969971656799, -0.0490504689514637, 0.8995748162269592, 1.6749999999999998, 0.223, -0.19999999999999998 
1.0017585254406547, 0.22950400274304805, 0.6876172087284582, 1.0394631624221802, -0.12368571758270264, 1.3101072311401367, -0.6649630665779114, -0.04830343276262283, 0.8852120637893677, 1.664, 0.246, -0.258 
0.9963098468641521, 0.24213153281785305, 0.6839378913685776, 1.0394588112831116, -0.12369030714035034, 1.3101006746292114, -0.661557674407959, -0.04829779639840126, 0.8765696287155151, 1.657, 0.245, -0.257 
0.9975127310181833, 0.25485486347714875, 0.6518100412174208, 1.039369523525238, -0.12389183044433594, 1.310266137123108, -0.649573564529419, -0.045497409999370575, 0.8435003757476807, 1.648, 0.245, -0.255 
0.9985939211491163, 0.24055188948794332, 0.6379991361521418, 1.039369523525238, -0.12389183044433594, 1.310266137123108, -0.649573564529419, -0.045497409999370575, 0.8435003757476807, 1.648, 0.231, -0.269 
1.0107572814903985, 0.27806198592085113, 0.590516498497509, 1.0393043160438538, -0.12397190928459167, 1.3103761672973633, -0.638746440410614, -0.04064597189426422, 0.8277606964111328, 1.658, 0.235, -0.272 
1.005787462827326, 0.3321503873096233, 0.6330430766020771, 1.0393091440200806, -0.12398698925971985, 1.3103811740875244, -0.6398873329162598, -0.04080679640173912, 0.8266490697860718, 1.659, 0.286, -0.225 
0.9998117057989477, 0.3308326100515909, 0.6349293462470063, 1.0393128991127014, -0.12398314476013184, 1.3103778958320618, -0.6398873329162598, -0.04080679640173912, 0.8266490697860718, 1.653, 0.285, -0.223 
1.0100156724596232, 0.30600748020057683, 0.7233805971797689, 1.0393110513687134, -0.12397903203964233, 1.3103745579719543, -0.6443177461624146, -0.03639044612646103, 0.817706823348999, 1.653, 0.285, -0.223 
5.2325717204340325, 0.7376639141051047, 3.320969025619004, 1.039368987083435, -0.12397801876068115, 1.3103634119033813, -0.6460736393928528, -0.03707718476653099, 0.8153595924377441, 6.079, 0.548, 2.044 
1.7216712280585291, -0.21887980401822416, 1.1435520246208046, 1.0393092036247253, -0.12397065758705139, 1.3103759288787842, -0.6487886905670166, -0.03678964823484421, 0.8154047131538391, 2.382, -0.255, 0.14500000000000002 
1.7223204800274516, -0.21500951583831557, 1.140630478649252, 1.0393092036247253, -0.12397065758705139, 1.3103759288787842, -0.6488598585128784, -0.0375349223613739, 0.8153451681137085, 2.382, -0.255, 0.14500000000000002 
2.3413594938303177, -0.6436803317599964, 1.6474097689764342, 1.0393092036247253, -0.12397065758705139, 1.3103759288787842, -0.6482894420623779, -0.03761899843811989, 0.8151832818984985, 3.026, -0.7, 0.594 
2.325531516748502, -0.6401769569426905, 1.6431489363815286, 1.0393092036247253, -0.12397065758705139, 1.3103759288787842, -0.6482894420623779, -0.03761899843811989, 0.8151832818984985, 3.01, -0.696, 0.591 
5.535654828593691, 4.486814254384404, 3.6604370268980864, 1.0393092036247253, -0.12397065758705139, 1.3103759288787842, -0.6482894420623779, -0.03761899843811989, 0.8151832818984985, 6.524, 4.323, 2.35 
5.345725280382972, 4.405246326941912, 3.5703826426381546, 1.0392999053001404, -0.12398871779441833, 1.310384213924408, -0.6469225287437439, -0.03891889378428459, 0.8142757415771484, 6.348, 4.208, 2.283 
5.499490457185853, 4.517317069755378, 3.643530214769309, 1.0392999053001404, -0.12398871779441833, 1.310384213924408, -0.6469225287437439, -0.03891889378428459, 0.8142757415771484, 6.511, 4.314, 2.3440000000000003 
2.5144912831278003, -0.6073042371292222, 1.8708002678773439, 1.0393608212471008, -0.12386631965637207, 1.3102614879608154, -0.6469225287437439, -0.03891889378428459, 0.8142757415771484, 3.211, -0.689, 0.8069999999999999 
2.6490164458972814, -0.6561991215492959, 1.9362761383934592, 1.0394551753997803, -0.12367483973503113, 1.3100905418395996, -0.6496149301528931, -0.03922509402036667, 0.8148496747016907, 3.359, -0.726, 0.842 
2.3448808341542273, -0.45420905498344283, 1.7639651909394098, 1.0394551753997803, -0.12367483973503113, 1.3100905418395996, -0.6474032998085022, -0.0391446128487587, 0.8150299191474915, 3.041, -0.52, 0.713 
2.45596285565302, -0.4824144749209405, 1.7972531995342615, 1.0394476056098938, -0.12368747591972351, 1.3100974559783936, -0.6454325914382935, -0.03679865971207619, 0.8145073056221008, 3.154, -0.542, 0.736 
2.6644328470539564, -0.5155968600332119, 1.8508819102882785, 1.0394564867019653, -0.1236632764339447, 1.3100842237472534, -0.6455075740814209, -0.03719830885529518, 0.8143635988235474, 3.364, -0.58, 0.779 
2.3976376091632714, -0.6028731754778383, 1.5745156760374517, 1.0393431782722473, -0.12388324737548828, 1.3102779388427734, -0.6381062865257263, -0.03689759597182274, 0.8147954344749451, 3.058, -0.684, 0.545 
2.3966759113835545, -0.6173865344563482, 1.562247283532276, 1.039310336112976, -0.12398022413253784, 1.3103849291801453, -0.6363270282745361, -0.03925259783864021, 0.8150593638420105, 3.0549999999999997, -0.682, 0.544 
2.37508666602545, -0.5895635139348558, 1.575168544472723, 1.039358913898468, -0.123898446559906, 1.310278296470642, -0.6386269927024841, -0.03605283424258232, 0.8147233724594116, 3.037, -0.674, 0.54 
2.0939306232429553, -0.4642891405245424, 1.4981109546205755, 1.0393618941307068, -0.12387868762016296, 1.3102824687957764, -0.636872410774231, -0.03729218617081642, 0.8152133226394653, 2.753, -0.529, 0.498 
2.0031055031740657, -0.43138951026208955, 1.4878335907107672, 1.0393593907356262, -0.12387797236442566, 1.310282826423645, -0.6397395133972168, -0.036204468458890915, 0.814736545085907, 2.667, -0.5, 0.482 
1.8890889524973729, -0.3919555097990525, 1.4475463692605886, 1.0393609404563904, -0.12388971447944641, 1.3102819323539734, -0.6397395133972168, -0.036204468458890915, 0.814736545085907, 2.552, -0.456, 0.44999999999999996 
4.97026732181112, -0.7079425807453136, 2.138364218335053, 1.0393609404563904, -0.12388971447944641, 1.3102819323539734, -0.6361534595489502, -0.03708740696310997, 0.8153550028800964, 5.652, -0.899, 0.94 
4.995679489694825, -0.5659378199914422, 2.12993997936033, 1.0400922298431396, -0.12295076251029968, 1.3106955289840698, -0.6370032429695129, -0.03680533170700073, 0.8153098225593567, 5.685, -0.752, 0.9239999999999999 
4.995113587381697, -0.5668148654678657, 2.1317371136582954, 1.0401361584663391, -0.12289920449256897, 1.3108254075050354, -0.6370611786842346, -0.03671462833881378, 0.8152925968170166, 5.685, -0.752, 0.9239999999999999 
4.838518140513977, -0.5743691092777504, 2.097916129828323, 1.0393885970115662, -0.1239740252494812, 1.3103905320167542, -0.6367575526237488, -0.03701160475611687, 0.815323531627655, 5.525, -0.757, 0.904 
3.5551861533735556, -0.7864450217754289, 1.8953545413998079, 1.039397120475769, -0.12399217486381531, 1.3103302121162415, -0.6369176506996155, -0.036793943494558334, 0.815294623374939, 4.224, -0.917, 0.7889999999999999 
3.151371775452557, -0.6793884058952171, 1.794729617658216, 1.0394979119300842, -0.12397828698158264, 1.310374140739441, -0.6365823149681091, -0.03712192177772522, 0.8153432011604309, 3.8169999999999997, -0.797, 0.72 
2.7418161981510605, -0.6048660438616158, 1.7056338988782271, 1.0394384860992432, -0.12400683760643005, 1.3103962540626526, -0.6369410753250122, -0.036839112639427185, 0.8152925968170166, 3.407, -0.704, 0.656 
2.105471845534496, -0.47064287336104954, 1.5482179041133826, 1.039480209350586, -0.12399819493293762, 1.3104490041732788, -0.6364847421646118, -0.03721006214618683, 0.8153307437896729, 2.766, -0.545, 0.545 
2.1051815389294366, -0.46975845143183625, 1.548231604733302, 1.0394787788391113, -0.12404891848564148, 1.310490608215332, -0.6368938088417053, -0.037028469145298004, 0.8153342008590698, 2.766, -0.545, 0.545 
1.5878777205618406, -0.3083503625998778, 1.4045991781507867, 1.039474070072174, -0.12399810552597046, 1.3104808926582336, -0.6367772221565247, -0.03673597425222397, 0.8152948617935181, 2.2479999999999998, -0.359, 0.43400000000000005 
1.5495677917029669, -0.2838448170907298, 1.393871927605526, 1.03948175907135, -0.12402138113975525, 1.3104903101921082, -0.6367772817611694, -0.03676677495241165, 0.8152851462364197, 2.21, -0.333, 0.42600000000000005 
1.4309782921036769, -0.24408542518017598, 1.3569633634809843, 1.039466679096222, -0.12399685382843018, 1.3103983998298645, -0.6364102363586426, -0.036975014954805374, 0.815357506275177, 2.09, -0.289, 0.399 
1.3322359488026043, -0.2096494175995939, 1.3302309555802312, 1.0394941568374634, -0.12400665879249573, 1.310476303100586, -0.6366815567016602, -0.03705832362174988, 0.8153449296951294, 1.9909999999999999, -0.252, 0.38 
1.3694776665859618, -0.23155219251434805, 1.3446945400697965, 1.039478600025177, -0.12402269244194031, 1.3104786276817322, -0.636846661567688, -0.03668903186917305, 0.8152861595153809, 2.029, -0.274, 0.39 
1.318250725883115, -0.20922389712624112, 1.3285759854234653, 1.039470613002777, -0.12401482462882996, 1.3104844689369202, -0.6366586089134216, -0.03703305870294571, 0.8153331875801086, 1.9769999999999999, -0.251, 0.379 
1.1197134123998507, -0.13079132435104998, 1.2735600862065564, 1.0394768714904785, -0.12402009963989258, 1.3104974627494812, -0.6367697715759277, -0.036680854856967926, 0.8153010010719299, 1.779, -0.163, 0.33599999999999997 
1.0744234475839038, -0.13490909309895122, 1.2600087944803002, 1.0394779443740845, -0.12403786182403564, 1.3104299306869507, -0.636355459690094, -0.03700122609734535, 0.8153627514839172, 1.732, -0.166, 0.327 
1.050031537979705, -0.12545047362523826, 1.255299000383783, 1.0394694805145264, -0.12401461601257324, 1.3103726506233215, -0.6367544531822205, -0.03705979138612747, 0.8153274655342102, 1.708, -0.157, 0.324 
1.0294666478203642, -0.12171567207632432, 1.2501884522776232, 1.0394722819328308, -0.12408721446990967, 1.3104524612426758, -0.6366420984268188, -0.0371716171503067, 0.8153384923934937, 1.6869999999999998, -0.153, 0.321 
1.0328523834740002, -0.12027860130986757, 1.2534830804556145, 1.0394722819328308, -0.12408721446990967, 1.3104524612426758, -0.6367133259773254, -0.03692195564508438, 0.8153419494628906, 1.6909999999999998, -0.151, 0.323 
1.0700411195777546, -0.12365714950004737, 1.259895199092087, 1.039381206035614, -0.12403959035873413, 1.310404896736145, -0.6366580724716187, -0.0370028093457222, 0.8153600096702576, 1.728, -0.157, 0.328 
1.069701007845945, -0.12934059278365065, 1.2616787224912085, 1.039381206035614, -0.12403959035873413, 1.310404896736145, -0.6368905305862427, -0.036994569003582, 0.8153406381607056, 1.728, -0.162, 0.329 
1.0726916735966276, -0.1292212394895233, 1.2618828625384142, 1.039381206035614, -0.12403959035873413, 1.310404896736145, -0.6368905305862427, -0.036994569003582, 0.8153406381607056, 1.7309999999999999, -0.162, 0.329 
1.0735332003351785, -0.12885391297045018, 1.2638386054142123, 1.0399011969566345, -0.12322458624839783, 1.3103864192962646, -0.6365742087364197, -0.03680141270160675, 0.8153353333473206, 1.732, -0.16, 0.33 
1.0755269783349295, -0.12877629340310384, 1.2639758077847192, 1.0394930839538574, -0.12405550479888916, 1.310468852519989, -0.6365742087364197, -0.03680141270160675, 0.8153353333473206, 1.734, -0.16, 0.33 
1.0761607472670436, -0.1242349732407776, 1.2610148265878036, 1.0394930839538574, -0.12405550479888916, 1.310468852519989, -0.6365786194801331, -0.037030331790447235, 0.8153600096702576, 1.734, -0.158, 0.329 
1.0756269214452645, -0.1263967027449386, 1.2625472636155364, 1.0394831895828247, -0.12402856349945068, 1.310472309589386, -0.6365920901298523, -0.03677554801106453, 0.8153271079063416, 1.734, -0.158, 0.329 
1.0764117621681355, -0.11736838647885274, 1.2605937296472423, 1.0400730967521667, -0.12299618124961853, 1.3107087016105652, -0.6365920901298523, -0.03677554801106453, 0.8153271079063416, 1.7349999999999999, -0.149, 0.327 
1.0739731751240469, -0.11527038053832421, 1.257909987608257, 1.0400814414024353, -0.12297675013542175, 1.3107120394706726, -0.6366049647331238, -0.03702028468251228, 0.8153635859489441, 1.732, -0.149, 0.326 
1.0747981601262806, -0.13040632421119625, 1.2655300374114757, 1.03946852684021, -0.1240328848361969, 1.3103870153427124, -0.6366657018661499, -0.03710642457008362, 0.815340518951416, 1.7329999999999999, -0.163, 0.33299999999999996 
1.0735568566526061, -0.130454273782011, 1.2658392140814958, 1.0394362211227417, -0.12404146790504456, 1.3103953003883362, -0.6367970108985901, -0.036969393491744995, 0.8153261542320251, 1.732, -0.163, 0.33299999999999996 
1.0769179435820184, -0.11861493275248694, 1.2594096855449246, 1.0392914414405823, -0.12398245930671692, 1.310410737991333, -0.6366048455238342, -0.03702191263437271, 0.8153566122055054, 1.7349999999999999, -0.152, 0.327 
1.0776727332718812, -0.12003796996870418, 1.2604761180575692, 1.0392999053001404, -0.12399086356163025, 1.3104016184806824, -0.6365121603012085, -0.03688164800405502, 0.815335214138031, 1.736, -0.152, 0.327 
1.076932654026481, -0.1238987650647747, 1.2620114178097273, 1.0394785404205322, -0.1239703893661499, 1.3103848695755005, -0.6363953948020935, -0.03692036122083664, 0.8153534531593323, 1.7349999999999999, -0.156, 0.329 
1.0561154169662168, -0.12986268040620552, 1.2588116248214702, 1.0393162965774536, -0.12397795915603638, 1.310383379459381, -0.6365386843681335, -0.036879777908325195, 0.8153330683708191, 1.714, -0.161, 0.327 
1.0561872801008103, -0.12947082305297652, 1.2585293953074417, 1.0394788980484009, -0.12399604916572571, 1.31036776304245, -0.6365724205970764, -0.03695661574602127, 0.815353512763977, 1.714, -0.161, 0.327 
1.0632271063054102, -0.12936388724354966, 1.2600979550846454, 1.0394878387451172, -0.12397903203964233, 1.3103574514389038, -0.6364021301269531, -0.036869145929813385, 0.8153452277183533, 1.7209999999999999, -0.161, 0.328 
1.0641846155940358, -0.12871977849381674, 1.260157562868044, 1.0393856167793274, -0.12397292256355286, 1.3103711009025574, -0.6363829970359802, -0.03687341883778572, 0.8153403401374817, 1.722, -0.16, 0.328 
1.0562385147336157, -0.1280355339248983, 1.2586128663922407, 1.0394763350486755, -0.12399354577064514, 1.31035715341568, -0.6363829970359802, -0.03687341883778572, 0.8153403401374817, 1.714, -0.159, 0.327 
1.0588567646457845, -0.11579304214164078, 1.254300036613932, 1.0395028591156006, -0.12399330735206604, 1.3103730082511902, -0.6364179253578186, -0.036821674555540085, 0.8153353333473206, 1.7169999999999999, -0.146, 0.322 
1.0594472995037343, -0.132589066425504, 1.2587729881337966, 1.0394775867462158, -0.1239953339099884, 1.31037175655365, -0.6363925933837891, -0.036862511187791824, 0.8153528571128845, 1.7169999999999999, -0.164, 0.327 
1.0552901349271813, -0.1320861279154678, 1.2577655755076331, 1.0394873023033142, -0.12396907806396484, 1.3103558421134949, -0.6364988088607788, -0.03682922571897507, 0.8153352737426758, 1.7129999999999999, -0.163, 0.326 
1.0602911146256262, -0.13660460833939783, 1.260289325281148, 1.0394873023033142, -0.12396907806396484, 1.3103558421134949, -0.6364201903343201, -0.03687206655740738, 0.8153361678123474, 1.718, -0.167, 0.328 
1.0899955207785446, 0.12121715611223605, 1.589012093736089, 1.0394688248634338, -0.1239798367023468, 1.3103636503219604, -0.6364201903343201, -0.03687206655740738, 0.8153361678123474, 1.78, 0.088, 0.654 
1.0937097368689717, 0.1212028756037292, 1.5914895027060334, 1.0394688248634338, -0.1239798367023468, 1.3103636503219604, -0.6364797949790955, -0.03685417026281357, 0.8153339624404907, 1.784, 0.088, 0.656 
1.0590802622851476, -0.13121316589947968, 1.2592599233937958, 1.0394808650016785, -0.1239878237247467, 1.310367226600647, -0.6365153789520264, -0.03686949610710144, 0.8153291344642639, 1.7169999999999999, -0.162, 0.327 
1.0590802622851476, -0.13121316589947968, 1.2592599233937958, 1.0394808650016785, -0.1239878237247467, 1.310367226600647, -0.6365153789520264, -0.03686949610710144, 0.8153291344642639, 1.7169999999999999, -0.162, 0.327 
1.0570864484640454, -0.13129105392886287, 1.25912339536861, 1.0394808650016785, -0.1239878237247467, 1.310367226600647, -0.6365153789520264, -0.03686949610710144, 0.8153291344642639, 1.7149999999999999, -0.162, 0.327 
1.0573124807130727, -0.13115314060682676, 1.2573441731724169, 1.0394777059555054, -0.12394535541534424, 1.310347318649292, -0.6366651058197021, -0.03695911541581154, 0.8153234124183655, 1.7149999999999999, -0.163, 0.326 
1.0572366389691972, -0.13132159049356057, 1.2575546062115366, 1.0394734740257263, -0.1239677369594574, 1.310368001461029, -0.6366773247718811, -0.03687240928411484, 0.8153315186500549, 1.7149999999999999, -0.163, 0.326 
1.0580696562755532, -0.12604938127960114, 1.2578788149490574, 1.0394704937934875, -0.12400022149085999, 1.310374915599823, -0.6364903450012207, -0.036803122609853745, 0.815330445766449, 1.716, -0.157, 0.326 
1.0581094027548308, -0.12474529550660111, 1.2573491756629935, 1.0394865274429321, -0.12400075793266296, 1.3103819489479065, -0.6366606950759888, -0.03688879311084747, 0.8153457045555115, 1.716, -0.157, 0.326 
1.0572063714641622, -0.12073011423381586, 1.2571744997686727, 1.0394574999809265, -0.12400278449058533, 1.3103837370872498, -0.63643479347229, -0.036864351481199265, 0.8153454661369324, 1.7149999999999999, -0.153, 0.326 
1.0569882166047744, -0.12039110576213224, 1.2571346083956116, 1.0394843220710754, -0.12399923801422119, 1.310463786125183, -0.6366809606552124, -0.036900267004966736, 0.8153475522994995, 1.7149999999999999, -0.153, 0.326 
1.0571335124132846, -0.12412147977562021, 1.2580523376523383, 1.0394610166549683, -0.12400117516517639, 1.310393512248993, -0.6366654634475708, -0.03692808002233505, 0.8153496980667114, 1.7149999999999999, -0.157, 0.327 
1.0581692861818917, -0.12404698006432643, 1.258041806652665, 1.0393683910369873, -0.12398585677146912, 1.3103896975517273, -0.6366493105888367, -0.036951176822185516, 0.8153485655784607, 1.716, -0.157, 0.327 
1.0566535108160533, -0.10857925222284046, 1.2550938417998574, 1.0394580960273743, -0.12400028109550476, 1.3103891611099243, -0.6366676688194275, -0.036896608769893646, 0.8153369426727295, 1.7149999999999999, -0.141, 0.324 
1.056587879902681, -0.10892358324657006, 1.2551657148712336, 1.0394483804702759, -0.12403535842895508, 1.3103967905044556, -0.6367032527923584, -0.037033386528491974, 0.815339207649231, 1.7149999999999999, -0.141, 0.324 
1.0581797649753317, -0.1184948848160248, 1.2545454840194707, 1.039452612400055, -0.12401539087295532, 1.310393750667572, -0.6364292502403259, -0.036874327808618546, 0.8153473734855652, 1.716, -0.15, 0.323 
1.0579423357288502, -0.11715213385746018, 1.2544825792998622, 1.03944993019104, -0.12401071190834045, 1.3103973269462585, -0.6366628408432007, -0.03691773861646652, 0.815351128578186, 1.716, -0.149, 0.323 
1.0579755143816665, -0.11697434884135267, 1.254414138396844, 1.0394585132598877, -0.12400823831558228, 1.310407042503357, -0.6366558074951172, -0.0369296595454216, 0.8153529763221741, 1.716, -0.149, 0.323 
1.0568028192414394, -0.11536524378600105, 1.2559900723732709, 1.0394445657730103, -0.12403810024261475, 1.3104183673858643, -0.6364087462425232, -0.03677517548203468, 0.8153339624404907, 1.7149999999999999, -0.146, 0.324 
1.0554078920242624, -0.11408394833948421, 1.2299800758198938, 1.0394802689552307, -0.12404921650886536, 1.310490608215332, -0.636458158493042, -0.036778464913368225, 0.815343976020813, 1.712, -0.144, 0.29800000000000004 
1.057002452591048, -0.12337130133022849, 1.2578083652331935, 1.0394748449325562, -0.12404555082321167, 1.3104972839355469, -0.6364402770996094, -0.0368441678583622, 0.8153589963912964, 1.7149999999999999, -0.154, 0.326 
1.057009027487895, -0.12320689170378381, 1.257871801060026, 1.0394534468650818, -0.12402313947677612, 1.3104096055030823, -0.6364240646362305, -0.036822255700826645, 0.8153565526008606, 1.7149999999999999, -0.154, 0.326 
1.0570166768883729, -0.12993830973980042, 1.259764447392469, 1.039452314376831, -0.12404072284698486, 1.3104071021080017, -0.6366026997566223, -0.03687826544046402, 0.8153663873672485, 1.7149999999999999, -0.161, 0.328 
1.0580394568195928, -0.13071636379087648, 1.2602136537802235, 1.0395153164863586, -0.12397974729537964, 1.3105340003967285, -0.6364292502403259, -0.03685935586690903, 0.8153528571128845, 1.716, -0.161, 0.328 
1.0580402556951678, -0.13034950397507977, 1.2600997644987568, 1.0394574999809265, -0.12400162220001221, 1.3103875517845154, -0.6364750862121582, -0.036890484392642975, 0.8153490424156189, 1.716, -0.161, 0.328 
1.0580879482670196, -0.13027134691899298, 1.2601274526364041, 1.0394536256790161, -0.12402835488319397, 1.3103989362716675, -0.6364245414733887, -0.036860473453998566, 0.8153566122055054, 1.716, -0.161, 0.328 
1.0571590961402637, -0.12886378958505762, 1.2594450769101329, 1.0394912362098694, -0.1240348219871521, 1.3104972839355469, -0.6365997791290283, -0.036900073289871216, 0.8153709173202515, 1.7149999999999999, -0.161, 0.328 
1.0572931813668265, -0.1294188642155758, 1.2596057443488495, 1.0400834679603577, -0.12301501631736755, 1.3107407093048096, -0.6363895535469055, -0.03681913763284683, 0.8153637647628784, 1.7149999999999999, -0.161, 0.328 
1.0581990350507733, -0.128712717098178, 1.2594889801026352, 1.040105938911438, -0.12300309538841248, 1.3108227252960205, -0.6365675330162048, -0.03685203939676285, 0.8153777122497559, 1.716, -0.161, 0.328 
1.0582366422044154, -0.1294464743240672, 1.2598028608351661, 1.0394831895828247, -0.12410715222358704, 1.3104483485221863, -0.6364059448242188, -0.036769840866327286, 0.8153724670410156, 1.716, -0.161, 0.328 
1.0570870085441295, -0.12945981344428262, 1.259648251526909, 1.0400814414024353, -0.12301400303840637, 1.3108507990837097, -0.6365907788276672, -0.036866504698991776, 0.8153805136680603, 1.7149999999999999, -0.161, 0.328 
1.0570782810145154, -0.12943415712285247, 1.2596889561226616, 1.040077269077301, -0.12300482392311096, 1.310835063457489, -0.6365846395492554, -0.03683740645647049, 0.8153613209724426, 1.7149999999999999, -0.161, 0.328 
1.056993282619493, -0.13011525579293426, 1.2597867662906266, 1.0400879979133606, -0.12299215793609619, 1.310822606086731, -0.6366110444068909, -0.03688478469848633, 0.8153671026229858, 1.7149999999999999, -0.161, 0.328 
1.0580087459468026, -0.13086411823179428, 1.2604303896502835, 1.0400906205177307, -0.12297430634498596, 1.3108291625976562, -0.6363880634307861, -0.036694809794425964, 0.8153413534164429, 1.716, -0.161, 0.328 
1.0576106869176343, -0.11120153755310182, 1.2564318194979576, 1.039477288722992, -0.12404671311378479, 1.3104413747787476, -0.636626660823822, -0.036918677389621735, 0.8153496384620667, 1.716, -0.143, 0.325 
1.056678381414203, -0.11222643087514327, 1.2566168899839836, 1.0395029783248901, -0.12404602766036987, 1.310434639453888, -0.6364494562149048, -0.03682776540517807, 0.8153424859046936, 1.7149999999999999, -0.143, 0.325 
1.0572866645010235, -0.12845011712228094, 1.2587816231109905, 1.039470613002777, -0.12403413653373718, 1.310429334640503, -0.6366603374481201, -0.03692524880170822, 0.8153454065322876, 1.7149999999999999, -0.161, 0.328 
1.058149963867729, -0.12936691729645547, 1.2594327843430955, 1.0394704937934875, -0.12404623627662659, 1.3104296922683716, -0.6365957260131836, -0.03684696927666664, 0.8153607845306396, 1.716, -0.161, 0.328 
1.0582194649515833, -0.12911963971672313, 1.2591941464312235, 1.0394720435142517, -0.12403389811515808, 1.3104327917099, -0.6366007924079895, -0.0368867889046669, 0.8153517246246338, 1.716, -0.161, 0.328 
1.0582684178621644, -0.12836772223701143, 1.2591092727339426, 1.0394800901412964, -0.12401401996612549, 1.3104814291000366, -0.6366153955459595, -0.036930475383996964, 0.8153731226921082, 1.716, -0.161, 0.328 
1.0582684178621644, -0.12836772223701143, 1.2591092727339426, 1.039510428905487, -0.12395331263542175, 1.3104900121688843, -0.6366153955459595, -0.036930475383996964, 0.8153731226921082, 1.716, -0.161, 0.328 
1.0592138045740422, -0.12533251616301813, 1.258169490424296, 1.039510428905487, -0.12395331263542175, 1.3104900121688843, -0.6366153955459595, -0.036930475383996964, 0.8153731226921082, 1.7169999999999999, -0.158, 0.327 
1.059265329164742, -0.12832771658814812, 1.2591768552971656, 1.039510428905487, -0.12395331263542175, 1.3104900121688843, -0.6366153955459595, -0.036930475383996964, 0.8153731226921082, 1.7169999999999999, -0.161, 0.328 
