0.494365931
0.173731804
0.124452591
0.132151842
0.10625124
0.109457255
0.110750437
0.115735531
0.11881566
0.144871474
0.15096283
0.141798496
0.13306427
0.134145498
0.112680912
0.110203504
0.12336278
0.154862166
0.144143343
0.138210535
0.126764536
0.162992
0.139956713
0.112037421
0.14084959
0.134412051
0.104278326
0.14357543
0.145316839
0.126713753
0.109911204
0.111884594
0.114812136
0.117703676
0.113555193
0.102708101
0.106281995
0.151080132
0.124340057
0.09814477
0.09789896
0.105338335
0.103336334
0.130535126
0.129251957
0.111680746
0.115593195
0.107820988
0.108560085
0.115488052
0.101030588
0.091032743
0.09031868
0.098978281
0.102771044
0.088395834
0.09139371
0.109917402
0.1025424
0.085573435
0.080464363
0.088070869
0.097467423
0.101142406
0.092438221
0.092160702
0.102880478
0.106128931
0.104895353
0.108700037
0.100961208
0.109414577
0.104458808
0.083878041
0.089331389
0.098596096
0.096371412
0.101072788
0.10513711
0.114567042
0.097232819
0.108173132
0.109383345
0.105561734
0.100712061
0.107527495
0.100911617
0.102066278
0.097824335
0.094758272
0.107856751
0.104051351
0.105727673
0.11274004
0.122162581
0.147397041
0.124612093
0.110856295
0.097112417
0.104624271
0.096024036
0.106068849
0.092294931
0.09821868
0.10335517
0.095793963
0.106927395
0.119630575
0.108000516
0.098324776
0.103968143
0.103630066
0.107560873
0.107356786
0.090523481
0.084513903
0.082089186
0.094883919
0.076930523
0.087994337
0.071529865
0.079103946
0.081725836
0.083636522
0.078564882
0.089719772
0.086477995
0.084252835
0.089519978
0.089744568
0.109227657
0.120951891
0.106902123
0.11302948
0.104260206
0.127469063
0.09108305
0.124747515
0.109049797
0.10124135
0.107313156
0.110525608
0.102246761
0.112591505
0.112002611
0.113513232
0.104869842
0.1065104
0.113400221
0.100253582
0.101353407
0.104438543
0.101091384
0.094163657
0.092234373
0.086928368
0.084906816
0.084431886
0.084947586
0.084048033
0.083045244
0.086137057
0.09132576
0.088988304
0.08458519
0.095012188
0.089118957
0.086506605
0.096010923
0.092222453
0.086952686
0.09619379
0.088126421
0.094847679
0.088646174
0.094387055
0.088260412
0.084107638
0.091992855
0.08370328
0.083256721
0.082376718
0.082862138
0.086123705
0.093768358
0.112252712
0.089184285
0.095378161
0.093203307
0.092158079
0.09645176
0.101400137
0.097744465
0.09553647
0.099554301
0.099033832
0.091418982
0.103129387
0.095300197
0.089721203
0.092447281
0.101495266
0.130030394
0.107720852
0.105168343
0.101305962
0.110001326
0.101712942
0.09929657
0.098731518
0.103149891
0.108830929
0.108276606
0.105766535
0.099765062
0.101903915
0.098681688
0.096652031
0.098798514
0.09837389
0.109918356
0.096828699
0.100534677
0.101780176
0.101083994
0.092600346
0.096329451
0.093685389
0.092576027
0.090361833
0.089467526
0.090313196
0.091414214
0.102755547
0.099914313
0.0960958
0.141130447
0.112035752
0.113111019
0.099642992
0.103804588
0.102664947
0.090765714
0.094592571
0.106169939
0.099159241
0.109152079
0.1036551
0.099639654
0.098716736
0.098817826
0.101728201
0.097265243
0.101884603
0.1077528
0.132146359
0.114545822
0.100182294
0.100989104
0.103761196
0.100575685
0.091982603
0.133791924
0.133235931
0.132678509
0.101404428
0.099837542
0.100248813
0.122112274
0.108801365
0.110325336
0.115329504
0.119225741
0.103982448
0.113898039
0.12898016
0.130378485
0.154911757
0.116513014
0.117108584
0.089373827
0.099195004
0.110143899
0.113842011
0.107849121
0.099937439
0.11498332
0.097941398
0.11357069
0.107089758
0.104850292
0.098060131
0.109861374
0.108089447
0.088870287
0.098543644
0.097274303
0.089802265
0.088207722
0.084961653
0.094617367
0.084513665
0.096094847
0.094017029
0.085005999
0.096472263
0.084206819
0.087749481
0.119987965
0.086084842
0.096132517
0.09394598
0.082785607
0.083728552
0.096866846
0.085586786
0.096450329
0.09296751
0.085632324
0.098036527
0.100058079
0.0835495
0.097286939
0.091747999
0.091878652
0.094819069
0.088952064
0.087306977
0.084871292
0.089726924
0.10486722
0.107236147
0.099499702
0.112438202
0.098481179
0.100710154
0.093444824
0.098772049
0.128924847
0.116087437
0.113725662
0.107498169
0.110649585
0.092225552
0.103532314
0.096373558
0.084900618
0.083582878
0.084970951
0.090465545
0.083080291
0.09164691
0.095270157
0.08521843
0.094601869
0.087412119
0.091608286
0.092404843
0.083332301
0.085656404
0.088457345
0.093430757
0.092447996
0.097354889
0.084074259
0.099526405
0.11958456
0.131489754
0.094512701
0.095169306
0.097540378
0.09553051
0.083838224
0.089797259
0.123936653
0.098375321
0.094266653
0.084836959
0.084349394
0.084972144
0.092501641
0.086632013
0.086116553
0.086127519
0.098506928
0.095403432
0.093959093
0.084659099
0.094981194
0.094103813
0.085877657
0.08258009
0.107130289
0.085222483
0.085035562
0.086626053
0.089167833
0.093775749
0.087922811
0.093315363
0.090337754
0.09588027
0.099734306
0.096028089
0.113914489
0.088645697
0.091000557
0.093418599
0.100250721
0.099114657
0.108502626
0.099575758
0.105819226
0.099891186
0.063120127
0.04707408
0.05306387
0.059434653
0.097830058
0.098655701
0.085398436
0.093910456
0.089243413
0.081979036
0.092256546
0.095499992
0.092852831
0.09680152
0.093180418
0.127150297
0.112569809
0.086640358
0.08415842
0.086599827
0.100741863
0.095175505
0.085989714
0.092996358
0.100227833
0.109821319
0.096359968
0.085994244
